0 1044.626 903.4224 850.4034 995.5855 371.9428 841.4929 600.1282 710.4068 833.6735 951.8228 815.5123 1094.734 1056.78
1044.626 0 885.3477 314.6195 719.65 867.1462 314.0826 927.6778 944.0128 1063.209 196.302 1009.674 1223.689 209.6725
903.4224 885.3477 0 813.7619 575.2336 854.1109 672.379 649.7597 540.5321 623.2715 851.859 350.2841 1039.944 851.1209
850.4034 314.6195 813.7619 0 621.7992 673.7764 257.3668 802.2487 823.267 955.5763 311.7495 935.7257 1125.047 363.5581
995.5855 719.65 575.2336 621.7992 0 862.8721 502.4244 679.3526 678.5176 562.6348 667.9688 662.9044 914.5407 690.174
371.9428 867.1462 854.1109 673.7764 862.8721 0 681.3431 657.1391 699.822 837.0084 773.776 797.8231 1136.704 880.9798
841.4929 314.0826 672.379 257.3668 502.4244 681.3431 0 672.7641 710.8475 854.1607 231.1672 789.787 1004.326 312.9675
600.1282 927.6778 649.7597 802.2487 679.3526 657.1391 672.7641 0 347.861 351.97 801.6209 494.072 796.4715 932.8855
710.4068 944.0128 540.5321 823.267 678.5176 699.822 710.8475 347.861 0 406.4005 855.9624 335.8899 948.7825 922.8712
833.6735 1063.209 623.2715 955.5763 562.6348 837.0084 854.1607 351.97 406.4005 0 982.0302 490.9122 787.3191 1046.007
951.8228 196.302 851.859 311.7495 667.9688 773.776 231.1672 801.6209 855.9624 982.0302 0 973.8774 1129.559 246.8002
815.5123 1009.674 350.2841 935.7257 662.9044 797.8231 789.787 494.072 335.8899 490.9122 973.8774 0 1022.4 974.0006
1094.734 1223.689 1039.944 1125.047 914.5407 1136.704 1004.326 796.4715 948.7825 787.3191 1129.559 1022.4 0 1208.347
1056.78 209.6725 851.1209 363.5581 690.174 880.9798 312.9675 932.8855 922.8712 1046.007 246.8002 974.0006 1208.347 0
